# Format:
# A matrix (4x4), then B matrix (4x4), then C_ref (4x4)
# Then T lines of injections: a0 a1 a2 a3 b0 b1 b2 b3
A:
4 7 -3 -8
-5 3 -5 -1
1 -5 -3 -6
-4 -1 -2 0
B:
0 4 2 -7
-2 -1 -1 6
0 -7 -3 1
5 0 1 -4
C:
-54 30 2 43
-11 12 1 52
-20 30 10 -16
2 -1 -1 20
INJECT:
4 0 0 0 0 0 0 0
7 -5 0 0 -2 4 0 0
-3 3 1 0 0 -1 2 0
-8 -5 -5 -4 5 -7 -1 -7
0 -1 -3 -1 0 0 -3 6
0 0 -6 -2 0 0 1 1
0 0 0 0 0 0 0 -4
0 0 0 0 0 0 0 0
0 0 0 0 0 0 0 0
0 0 0 0 0 0 0 0
0 0 0 0 0 0 0 0
0 0 0 0 0 0 0 0
